0;0.8152976574711508;0.8920091298957065;0.8162674526781167;0.8928951133397097;0.8788776970790689;0.8471449503114344;0.8652044778966902;0.8835463266910178;0.8904327715670955;0.8245177889768257;0.8935787858246289;0.9422834942662366;0.8950412146108364;0.8188463985245651;0.8465674928098645;0.8307535696526707;0.9422834942662366;0.8167543789171813;0.8385806975633854;0.8152976571909587;
1;0.8760448295352361;0.8920091298957065;0.8347440021733489;0.8928951133397097;0.8788776970790689;0.8471449503114344;0.8652044778966902;0.8835463266910178;0.8904327715670955;0.8609806990146833;0.8935787858246289;0.9422834942662366;0.8950412146108364;0.8200597829501597;0.8465674928098645;0.8307535696526707;0.9422834942662366;0.8167543789171813;0.8851617942412945;0.8481901022066551;
2;0.8760448295352361;0.9422834942662366;0.8890730695620818;0.8928951133397097;0.8788776970790689;0.8962194926980187;0.8652044778966902;0.8835463266910178;0.8904327715670955;0.8936778526154587;0.897356295821108;0.9422834942662366;0.8950412146108364;0.893642904692773;0.9422834942662366;0.83081529165827;0.9422834942662366;0.8879223315378292;0.8879453799941943;0.8910470267789738;
3;0.8760448295352361;0.9422834942662366;0.8890730695620818;0.897213467165904;0.8788776970790689;0.8962194926980187;0.8958584413282097;0.8835463266910178;0.8904327715670955;0.8936778526154587;0.897356295821108;0.9422834942662366;0.8950412146108364;0.894359954951027;0.9422834942662366;0.8968424252745673;0.9422834942662366;0.8879223315378292;0.8879453799941943;0.8910470267789738;
4;0.8760448295352361;0.9422834942662366;0.8890730695620818;0.897213467165904;0.8788776970790689;0.896278887622507;0.9049217525447135;0.8862802073507826;0.8904327715670955;0.8963333547097629;0.897356295821108;0.9422834942662366;0.8968530889173424;0.894359954951027;0.9422834942662366;0.8968424252745673;0.9422834942662366;0.8879223315378292;0.8929826241888813;0.8910470267789738;
5;0.8760448295352361;0.9422834942662366;0.8890730695620818;0.897213467165904;0.8973666925594508;0.908111192832888;0.9049217525447135;0.8862802073507826;0.8904327715670955;0.9020699536661182;0.897356295821108;0.9422834942662366;0.8968530889173424;0.894359954951027;0.9422834942662366;0.8968424252745673;0.9422834942662366;0.8967866947520751;0.8942355667039357;0.8910470267789738;
6;0.8867001108883306;0.9422834942662366;0.8890730695620818;0.8972506556143935;0.8973666925594508;0.908111192832888;0.9049217525447135;0.8973524697824157;0.8969524562721183;0.9020699536661182;0.897356295821108;0.9422834942662366;0.8968530889173424;0.894359954951027;0.969848425678111;0.8968424252745673;0.9422834942662366;0.8967866947520751;0.8942355667039357;0.8914716472495959;
7;0.8889394781246951;0.9422834942662366;0.8890730695620818;0.8972506556143935;0.8973666925594508;0.908111192832888;0.9049217525447135;0.8973524697824157;0.8969524562721183;0.9020699536661182;0.897356295821108;0.9422834942662366;0.8968530889173424;0.894359954951027;0.969848425678111;0.8968424252745673;0.9422834942662366;0.8967866947520751;0.8960028681871511;0.8968389814563252;
8;0.8892340970052264;0.9422834942662366;0.8973242471200956;0.8972506556143935;0.8973666925594508;0.908111192832888;0.9049217525447135;0.8973524697824157;0.8969524562721183;0.9049994241803709;0.897356295821108;0.9422834942662366;0.8968530889173424;0.894359954951027;0.969848425678111;0.8968424252745673;0.9422834942662366;0.8967866947520751;0.8960028681871511;0.8968389814563252;
9;0.8892340970052264;0.9422834942662366;0.8973242471200956;0.8972506556143935;0.8973666925594508;0.908111192832888;0.9049217525447135;0.8973524697824157;0.8969524562721183;0.9049994241803709;0.897356295821108;0.9422834942662366;0.8968864794686489;0.894359954951027;0.969848425678111;0.8968424252745673;0.9422834942662366;0.8967866947520751;0.8960028681871511;0.8968389814563252;
10;0.8892340970052264;0.9422834942662366;0.8973242471200956;0.8972506556143935;0.8973666925594508;0.908111192832888;0.9049217525447135;0.8973524697824157;0.8969524562721183;0.9049994241803709;0.897356295821108;0.9422834942662366;0.9422834942662366;0.894359954951027;0.969848425678111;0.8968424252745673;0.9422834942662366;0.8967866947520751;0.8960028681871511;0.8968389814563252;
11;0.8966724151155985;0.9422834942662366;0.8973242471200956;0.8972506556143935;0.8973666925594508;0.908111192832888;0.9049217525447135;0.8973524697824157;0.897375557539138;0.9049994241803709;0.897356295821108;0.9422834942662366;0.9422834942662366;0.894359954951027;0.969848425678111;0.9035142433864651;0.9422834942662366;0.8967866947520751;0.8973236043102764;0.8972423706382804;
12;0.8966724151155985;0.9422834942662366;0.8973242471200956;0.8972506556143935;0.8973666925594508;0.908111192832888;0.9049217525447135;0.8973524697824157;0.897375557539138;0.9049994241803709;0.897356295821108;0.9422834942662366;0.9422834942662366;0.894359954951027;0.969848425678111;0.9035142433864651;0.9422834942662366;0.9038938188211529;0.8973236043102764;0.8972423706382804;
13;0.8966724151155985;0.9422834942662366;0.8973242471200956;0.8972506556143935;0.8973666925594508;0.908111192832888;0.9049217525447135;0.8973524697824157;0.897375557539138;0.9422834942662366;0.897356295821108;0.9422834942662366;0.9422834942662366;0.8972503564450021;0.969848425678111;0.9035142433864651;0.9422834942662366;0.9038938188211529;0.8973236043102764;0.8972423706382804;
14;0.8966724151155985;0.9422834942662366;0.8973242471200956;0.8972506556143935;0.8973666925594508;0.908111192832888;0.9049217525447135;0.8973524697824157;0.897375557539138;0.9422834942662366;0.897356295821108;0.9422834942662366;0.9422834942662366;0.89737989254675;0.969848425678111;0.9035142433864651;0.9422834942662366;0.9038938188211529;0.8973236043102764;0.8972423706382804;
15;0.8966724151155985;0.9422834942662366;0.8973242471200956;0.8972506556143935;0.8973666925594508;0.908111192832888;0.9049217525447135;0.8973524697824157;0.9422834942662366;0.9422834942662366;0.897356295821108;0.9422834942662366;0.9422834942662366;0.89737989254675;0.969848425678111;0.9035142433864651;0.9422834942662366;0.9038938188211529;0.8973236043102764;0.8972423706382804;
16;0.8966724151155985;0.9422834942662366;0.8973242471200956;0.8972506556143935;0.8973666925594508;0.908111192832888;0.9049217525447135;0.8973524697824157;0.9422834942662366;0.9422834942662366;0.897356295821108;0.9422834942662366;0.9422834942662366;0.89737989254675;0.9837647278371799;0.9035142433864651;0.9422834942662366;0.9038938188211529;0.8973236043102764;0.8973281586098197;
17;0.8966724151155985;0.9422834942662366;0.8973242471200956;0.8972506556143935;0.8973666925594508;0.908111192832888;0.9049217525447135;0.8973524697824157;0.9422834942662366;0.9422834942662366;0.897356295821108;0.9422834942662366;0.9422834942662366;0.89737989254675;0.9837647278371799;0.9035142433864651;0.9422834942662366;0.9038938188211529;0.8973236043102764;0.8973281586098197;
18;0.8966724151155985;0.9422834942662366;0.8973242471200956;0.8972506556143935;0.8973666925594508;0.908111192832888;0.9049217525447135;0.8973524697824157;0.9422834942662366;0.9422834942662366;0.897356295821108;0.9422834942662366;0.9422834942662366;0.89737989254675;0.9837647278371799;0.9035142433864651;0.9422834942662366;0.9038938188211529;0.8973236043102764;0.8973281586098197;
19;0.8966724151155985;0.9422834942662366;0.8973242471200956;0.8972506556143935;0.8973666925594508;0.908111192832888;0.9049217525447135;0.8973524697824157;0.9422834942662366;0.9422834942662366;0.897356295821108;0.9422834942662366;0.9422834942662366;0.89737989254675;0.9837647278371799;0.9035142433864651;0.9422834942662366;0.9038938188211529;0.8973236043102764;0.907464468395135;
20;0.8966724151155985;0.9422834942662366;0.8973242471200956;0.8972506556143935;0.8973666925594508;0.908111192832888;0.9049217525447135;0.8973524697824157;0.9422834942662366;0.9422834942662366;0.897356295821108;0.9422834942662366;0.9422834942662366;0.89737989254675;0.9837647278371799;0.9035142433864651;0.9422834942662366;0.9038938188211529;0.8973236043102764;0.907464468395135;
21;0.8966724151155985;0.9422834942662366;0.8973242471200956;0.8972506556143935;0.8973666925594508;0.908111192832888;0.9049217525447135;0.8973610716558718;0.9422834942662366;0.9422834942662366;0.8973627432541592;0.9422834942662366;0.9422834942662366;0.89737989254675;0.9837647278371799;0.9035142433864651;0.9422834942662366;0.9038938188211529;0.8973236043102764;0.907464468395135;
22;0.8966724151155985;0.9422834942662366;0.8973242471200956;0.8972506556143935;0.8973666925594508;0.908111192832888;0.9049217525447135;0.8973610716558718;0.9422834942662366;0.9422834942662366;0.8973627432541592;0.9422834942662366;0.9422834942662366;0.89737989254675;0.9837647278371799;0.9035142433864651;0.9422834942662366;0.9038938188211529;0.8973236043102764;0.907464468395135;
23;0.8966724151155985;0.9422834942662366;0.8973242471200956;0.8972506556143935;0.8973666925594508;0.908111192832888;0.9049217525447135;0.8973610716558718;0.9422834942662366;0.9422834942662366;0.8973627432541592;0.9422834942662366;0.9422834942662366;0.89737989254675;0.9837647278371799;0.9035142433864651;0.9422834942662366;0.9038938188211529;0.8973236043102764;0.9083552414176832;
24;0.8966724151155985;0.9422834942662366;0.8973242471200956;0.8972506556143935;0.8973666925594508;0.908111192832888;0.9049217525447135;0.8973610716558718;0.9422834942662366;0.9422834942662366;0.8973627432541592;0.9422834942662366;0.9422834942662366;0.89737989254675;0.9837647278371799;0.9035142433864651;0.9422834942662366;0.9038938188211529;0.8973236043102764;0.9083552414176832;
25;0.8966724151155985;0.9422834942662366;0.8973242471200956;0.8973777243602541;0.8973666925594508;0.908111192832888;0.9049217525447135;0.8973610716558718;0.9422834942662366;0.9422834942662366;0.8973627432541592;0.9422834942662366;0.9422834942662366;0.89737989254675;0.9837647278371799;0.9035142433864651;0.9422834942662366;0.9038938188211529;0.8973236043102764;0.9083552414176832;
26;0.8966724151155985;0.9422834942662366;0.8973242471200956;0.8973777243602541;0.8973666925594508;0.908111192832888;0.9049217525447135;0.8973610716558718;0.9422834942662366;0.9422834942662366;0.8973627432541592;0.9422834942662366;0.9422834942662366;0.89737989254675;0.9837647278371799;0.9035142433864651;0.9422834942662366;0.9038938188211529;0.8973236043102764;0.9083552414176832;
27;0.8966724151155985;0.9422834942662366;0.8973242471200956;0.8973777243602541;0.8973666925594508;0.908111192832888;0.9049217525447135;0.8973610716558718;0.9701698883555222;0.9422834942662366;0.8973627432541592;0.9422834942662366;0.9422834942662366;0.89737989254675;0.9837647278371799;0.9035142433864651;0.9422834942662366;0.9038938188211529;0.8973236043102764;0.9083552414176832;
28;0.8966724151155985;0.9422834942662366;0.8973242471200956;0.8973777243602541;0.8973666925594508;0.908111192832888;0.9049217525447135;0.8973610716558718;0.9853282892982355;0.9422834942662366;0.8973682017238491;0.9422834942662366;0.9422834942662366;0.89737989254675;0.9837647278371799;0.9035142433864651;0.9422834942662366;0.9038938188211529;0.8973236043102764;0.9083552414176832;
29;0.8966724151155985;0.9422834942662366;0.8973242471200956;0.8973777243602541;0.8973666925594508;0.908111192832888;0.9049217525447135;0.8973610716558718;0.9853282892982355;0.9422834942662366;0.8973682017238491;0.9422834942662366;0.9422834942662366;0.89737989254675;0.9837647278371799;0.9035142433864651;0.9422834942662366;0.9038938188211529;0.8973236043102764;0.9083552414176832;
30;0.8966724151155985;0.9422834942662366;0.8973242471200956;0.8973777243602541;0.8973666925594508;0.908111192832888;0.9049217525447135;0.8973610716558718;0.9853282892982355;0.9422834942662366;0.8973682017238491;0.9422834942662366;0.9422834942662366;0.89737989254675;0.9837647278371799;0.9035142433864651;0.9422834942662366;0.9038938188211529;0.8973236043102764;0.9083552414176832;
31;0.8966724151155985;0.9422834942662366;0.8973242471200956;0.8973777243602541;0.8973666925594508;0.908111192832888;0.9049217525447135;0.8973610716558718;0.9853282892982355;0.9422834942662366;0.8973682017238491;0.9422834942662366;0.9422834942662366;0.89737989254675;0.9837647278371799;0.9035142433864651;0.9422834942662366;0.9038938188211529;0.8973236043102764;0.9196561912661212;
32;0.8966724151155985;0.9422834942662366;0.8973242471200956;0.8973777243602541;0.8973666925594508;0.908111192832888;0.9049217525447135;0.8973610716558718;0.9853282892982355;0.9422834942662366;0.8973682017238491;0.9422834942662366;0.9422834942662366;0.89737989254675;0.9837647278371799;0.9035142433864651;0.9422834942662366;0.9038938188211529;0.8973236043102764;0.9196561912661212;
33;0.8968296129897417;0.9422834942662366;0.8973242471200956;0.8973777243602541;0.8973666925594508;0.908111192832888;0.9049217525447135;0.8973610716558718;0.9853282892982355;0.9422834942662366;0.8973682017238491;0.9422834942662366;0.9422834942662366;0.8984898570550781;0.9837647278371799;0.9035142433864651;0.9422834942662366;0.9038938188211529;0.8973236043102764;0.9196561912661212;
34;0.8968296129897417;0.9422834942662366;0.8973242471200956;0.8973777243602541;0.8973666925594508;0.908111192832888;0.9049217525447135;0.8973610716558718;0.9853282892982355;0.9422834942662366;0.8973682017238491;0.9422834942662366;0.9422834942662366;0.8984898570550781;0.9837647278371799;0.9035142433864651;0.9422834942662366;0.9038938188211529;0.8973236043102764;0.9196561912661212;
35;0.8968296129897417;0.9422834942662366;0.8973242471200956;0.8973777243602541;0.8973666925594508;0.908111192832888;0.9049217525447135;0.8973610716558718;0.9853282892982355;0.9422834942662366;0.8973682017238491;0.9654207927189912;0.9422834942662366;0.8984898570550781;0.9837647278371799;0.9035142433864651;0.9422834942662366;0.9038938188211529;0.8973236043102764;0.9238595119079894;
36;0.8968296129897417;0.9422834942662366;0.8973242471200956;0.8973777243602541;0.8973666925594508;0.9091628494797026;0.9049217525447135;0.8973610716558718;0.9853282892982355;0.9422834942662366;0.8973682017238491;0.9654207927189912;0.9422834942662366;0.8984898570550781;0.9837647278371799;0.9035142433864651;0.9422834942662366;0.9038938188211529;0.8973236043102764;0.9238595119079894;
37;0.8968296129897417;0.9422834942662366;0.8973242471200956;0.8973777243602541;0.8973666925594508;0.9091628494797026;0.9049217525447135;0.8973610716558718;0.9853282892982355;0.9422834942662366;0.8973682017238491;0.9654207927189912;0.9422834942662366;0.8984898570550781;0.9837647278371799;0.9035142433864651;0.9422834942662366;0.9038938188211529;0.8973236043102764;0.9238595119079894;
38;0.8968296129897417;0.9422834942662366;0.8973242471200956;0.8973777243602541;0.8973666925594508;0.9091628494797026;0.9049217525447135;0.8973610716558718;0.9853282892982355;0.9422834942662366;0.8973682017238491;0.9654207927189912;0.9422834942662366;0.9006593172019676;0.9837647278371799;0.9035142433864651;0.9654207927189912;0.9038938188211529;0.8973236043102764;0.9238595119079894;
39;0.8968296129897417;0.9422834942662366;0.8973242471200956;0.8973777243602541;0.8973666925594508;0.9091628494797026;0.9058281182015173;0.8973610716558718;0.9853282892982355;0.9422834942662366;0.8973682017238491;0.9654207927189912;0.9422834942662366;0.9040914112139822;0.9837647278371799;0.9035142433864651;0.9654207927189912;0.9038938188211529;0.8973236043102764;0.9238595119079894;
40;0.8969644764278645;0.9422834942662366;0.8973242471200956;0.8973777243602541;0.8973666925594508;0.9091628494797026;0.9058281182015173;0.8973610716558718;0.9853282892982355;0.9422834942662366;0.8973682017238491;0.9654207927189912;0.9422834942662366;0.9091456361621288;0.9837647278371799;0.9035142433864651;0.9654207927189912;0.9038938188211529;0.8973236043102764;0.9238595119079894;
41;0.8969644764278645;0.9422834942662366;0.900980907980467;0.8973777243602541;0.8973666925594508;0.9091628494797026;0.9058281182015173;0.8973610716558718;0.9853282892982355;0.9422834942662366;0.8973682017238491;0.9654207927189912;0.9422834942662366;0.9091456361621288;0.9837647278371799;0.9035142433864651;0.9654207927189912;0.9038938188211529;0.8973664763482381;0.9238595119079894;
42;0.8973752574425603;0.9654207927189912;0.9075787026282004;0.8973777243602541;0.8973666925594508;0.9091628494797026;0.9058281182015173;0.8973610716558718;0.9853282892982355;0.9422834942662366;0.8973682017238491;0.9654207927189912;0.9422834942662366;0.9091456361621288;0.9837647278371799;0.9035142433864651;0.9654207927189912;0.9038938188211529;0.8973664763482381;0.9238595119079894;
43;0.8973752574425603;0.9654207927189912;0.9075787026282004;0.8973777243602541;0.8973666925594508;0.9091628494797026;0.9058281182015173;0.8973610716558718;0.9853282892982355;0.9422834942662366;0.8973682017238491;0.9654207927189912;0.9422834942662366;0.9095353818691698;0.9837647278371799;0.9035142433864651;0.9654207927189912;0.9038938188211529;0.8973664763482381;0.9238595119079894;
44;0.8973752574425603;0.9654207927189912;0.9075787026282004;0.8973777243602541;0.8973666925594508;0.9103079906459133;0.9058281182015173;0.8973610716558718;0.9853282892982355;0.9422834942662366;0.8973682017238491;0.9654207927189912;0.9422834942662366;0.9095353818691698;0.9837647278371799;0.9035142433864651;0.9654207927189912;0.9038938188211529;0.8973664763482381;0.9238595119079894;
45;0.8973752574425603;0.9654207927189912;0.9075787026282004;0.8973777243602541;0.8973666925594508;0.9103079906459133;0.9058281182015173;0.8973610716558718;0.9853282892982355;0.9422834942662366;0.8973682017238491;0.9654207927189912;0.9422834942662366;0.9095353818691698;0.9837647278371799;0.9035142433864651;0.9654207927189912;0.9038938188211529;0.8973664763482381;0.9238595119079894;
46;0.8973752574425603;0.9654207927189912;0.9075787026282004;0.8973777243602541;0.8973666925594508;0.9140379097523145;0.9058281182015173;0.8973610716558718;0.9853282892982355;0.9422834942662366;0.8973682017238491;0.9654207927189912;0.9422834942662366;0.9095353818691698;0.9837647278371799;0.9035142433864651;0.9654207927189912;0.9038938188211529;0.8973664763482381;0.9238595119079894;
47;0.8973752574425603;0.9654207927189912;0.9075787026282004;0.8973777243602541;0.8973666925594508;0.9140379097523145;0.9058281182015173;0.8973610716558718;0.9853282892982355;0.9422834942662366;0.8973682017238491;0.9654207927189912;0.9422834942662366;0.9095353818691698;0.9837647278371799;0.9035142433864651;0.9654207927189912;0.9038938188211529;0.8973664763482381;0.9254800349416137;
48;0.8973752574425603;0.9654207927189912;0.9075787026282004;0.8973777243602541;0.8973666925594508;0.9140379097523145;0.9058281182015173;0.8973610716558718;0.9853282892982355;0.9422834942662366;0.8973682017238491;0.9654207927189912;0.9422834942662366;0.9125563686974345;0.9837647278371799;0.9035142433864651;0.9654207927189912;0.9038938188211529;0.8973664763482381;0.9254800349416137;
49;0.8973752574425603;0.9654207927189912;0.9075787026282004;0.8973777243602541;0.8973666925594508;0.9140379097523145;0.9058281182015173;0.8973610716558718;0.9853282892982355;0.9422834942662366;0.8973682017238491;0.9654207927189912;0.9422834942662366;0.9125563686974345;0.9837647278371799;0.9035142433864651;0.9654207927189912;0.9038938188211529;0.8973664763482381;0.9254800349416137;
50;0.8973752574425603;0.9654207927189912;0.9075787026282004;0.8973777243602541;0.8973666925594508;0.9320917488182714;0.9058281182015173;0.8973610716558718;0.9853282892982355;0.9422834942662366;0.8973682017238491;0.9654207927189912;0.9422834942662366;0.9125563686974345;0.9837647278371799;0.9035142433864651;0.9654207927189912;0.9038938188211529;0.8973664763482381;0.9254800349416137;
51;0.8973752574425603;0.9654207927189912;0.922140135691631;0.8973777243602541;0.8973666925594508;0.9320917488182714;0.9058281182015173;0.8973772189648749;0.9853282892982355;0.9422834942662366;0.8973682017238491;0.9654207927189912;0.9422834942662366;0.9125563686974345;0.9837647278371799;0.9035142433864651;0.9654207927189912;0.9057331563002025;0.8973664763482381;0.9254800349416137;
52;0.8973752574425603;0.9654207927189912;0.9231870850345889;0.8973777243602541;0.8973666925594508;0.9320917488182714;0.9058281182015173;0.8973772189648749;0.9853282892982355;0.9422834942662366;0.8973682017238491;0.9654207927189912;0.9422834942662366;0.9125563686974345;0.9837647278371799;0.9035142433864651;0.9654207927189912;0.9057331563002025;0.8973664763482381;0.9254800349416137;
53;0.8973752574425603;0.9654207927189912;0.9231870850345889;0.8973777243602541;0.8973666925594508;0.9320917488182714;0.9058281182015173;0.8973772189648749;0.9853282892982355;0.9422834942662366;0.8973682017238491;0.9654207927189912;0.9422834942662366;0.9125563686974345;0.9837647278371799;0.9035142433864651;0.9654207927189912;0.9092770451617109;0.8973664763482381;0.9254800349416137;
54;0.8973752574425603;0.9654207927189912;0.9244680885845854;0.8973777243602541;0.8973666925594508;0.9320917488182714;0.9058281182015173;0.8973772189648749;0.9853282892982355;0.9422834942662366;0.8973682017238491;0.9654207927189912;0.9422834942662366;0.9125563686974345;0.9837647278371799;0.9035142433864651;0.9654207927189912;0.9092770451617109;0.8973664763482381;0.9254800349416137;
55;0.8973752574425603;0.9654207927189912;0.9244680885845854;0.8973777243602541;0.8973666925594508;0.9398057600458518;0.9058281182015173;0.8973772189648749;0.9853282892982355;0.9422834942662366;0.8973682017238491;0.9654207927189912;0.9422834942662366;0.9125563686974345;0.9837647278371799;0.9035142433864651;0.9654207927189912;0.9092770451617109;0.8973664763482381;0.9254800349416137;
56;0.8973752574425603;0.9654207927189912;0.9244680885845854;0.8973777243602541;0.8973666925594508;0.9398057600458518;0.9058281182015173;0.8973772189648749;0.9853282892982355;0.9452542502416572;0.8973682017238491;0.9654207927189912;0.9422834942662366;0.9125563686974345;0.9837647278371799;0.9035142433864651;0.9654207927189912;0.9092770451617109;0.8973664763482381;0.9254800349416137;
57;0.8973752574425603;0.9654207927189912;0.9244680885845854;0.8973777243602541;0.8973666925594508;0.9398057600458518;0.9058281182015173;0.8973772189648749;0.9853282892982355;0.9452542502416572;0.8973682017238491;0.9654207927189912;0.9422834942662366;0.9125563686974345;0.9837647278371799;0.9035142433864651;0.9654207927189912;0.9092770451617109;0.8973664763482381;0.9271190100840336;
58;0.8973752574425603;0.9654207927189912;0.9244680885845854;0.8973777243602541;0.8973666925594508;0.9435123523490194;0.9058281182015173;0.8973772189648749;0.9853282892982355;0.9452542502416572;0.8973682017238491;0.9654207927189912;0.9422834942662366;0.9125563686974345;0.9837647278371799;0.9035142433864651;0.9654207927189912;0.9092770451617109;0.8973664763482381;0.9271190100840336;
59;0.8973752574425603;0.9654207927189912;0.9244680885845854;0.8973777243602541;0.8973666925594508;0.9435123523490194;0.9058281182015173;0.8973772189648749;0.9853282892982355;0.9452542502416572;0.8973682017238491;0.9654207927189912;0.9422834942662366;0.9125563686974345;0.9837647278371799;0.9035142433864651;0.9654207927189912;0.9092770451617109;0.897430271957693;0.9271190100840336;
60;0.8973752574425603;0.9654207927189912;0.9244680885845854;0.8973777243602541;0.8973666925594508;0.9435123523490194;0.9058281182015173;0.8973772189648749;0.9853282892982355;0.9452542502416572;0.8973682017238491;0.9654207927189912;0.9422834942662366;0.9125563686974345;0.9837647278371799;0.9035142433864651;0.9654207927189912;0.9092770451617109;0.897430271957693;0.9271190100840336;
61;0.8973752574425603;0.9654207927189912;0.9244680885845854;0.8973777243602541;0.8973666925594508;0.9435123523490194;0.9058281182015173;0.8973775590319051;0.9853282892982355;0.9452542502416572;0.8973682017238491;0.9654207927189912;0.9422834942662366;0.9125563686974345;0.9837647278371799;0.9035142433864651;0.9654207927189912;0.9092770451617109;0.897430271957693;0.9271190100840336;
62;0.8973752574425603;0.9654207927189912;0.9244680885845854;0.8973777243602541;0.8973666925594508;0.9435123523490194;0.9058281182015173;0.9053306573198106;0.9853282892982355;0.9452542502416572;0.8973682017238491;0.9654207927189912;0.9422834942662366;0.9125563686974345;0.9837647278371799;0.9035142433864651;0.9654207927189912;0.9092770451617109;0.897430271957693;0.9271190100840336;
63;0.8973752574425603;0.9654207927189912;0.9244680885845854;0.8973777243602541;0.8973666925594508;0.9435123523490194;0.9058281182015173;0.9053306573198106;0.9853282892982355;0.9452542502416572;0.8973682017238491;0.9654207927189912;0.9422834942662366;0.9125563686974345;0.9837647278371799;0.9035142433864651;0.9654207927189912;0.9092770451617109;0.897430271957693;0.9271190100840336;
64;0.8973752574425603;0.9654207927189912;0.9244680885845854;0.8973777243602541;0.8973666925594508;0.9435123523490194;0.9058281182015173;0.9053306573198106;0.9853282892982355;0.9452542502416572;0.8973682017238491;0.9654207927189912;0.9422834942662366;0.9125563686974345;0.9852836797948556;0.9035142433864651;0.9654207927189912;0.9093917538804981;0.897430271957693;0.9271190100840336;
65;0.8973752574425603;0.9654207927189912;0.9244680885845854;0.8973777243602541;0.8973666925594508;0.9435123523490194;0.9058281182015173;0.9053306573198106;0.9853282892982355;0.9452542502416572;0.8973682017238491;0.9654207927189912;0.9422834942662366;0.9125563686974345;0.9852836797948556;0.9035142433864651;0.988025945007063;0.9093917538804981;0.897430271957693;0.9271190100840336;
66;0.8973752574425603;0.9654207927189912;0.9244680885845854;0.8973777243602541;0.8973666925594508;0.9435123523490194;0.9058281182015173;0.9053306573198106;0.9853282892982355;0.9452542502416572;0.8973682017238491;0.9654207927189912;0.9422834942662366;0.9125563686974345;0.9852836797948556;0.9035142433864651;0.988025945007063;0.9150386090518798;0.897430271957693;0.9271190100840336;
67;0.8973752574425603;0.9654207927189912;0.9244680885845854;0.8973777243602541;0.8973666925594508;0.9435123523490194;0.9058281182015173;0.9089527626578013;0.9853282892982355;0.9452542502416572;0.8973682017238491;0.9654207927189912;0.9422834942662366;0.9125563686974345;0.9852836797948556;0.9035142433864651;0.988025945007063;0.9150386090518798;0.8976351066238131;0.9271190100840336;
68;0.8973752574425603;0.9654207927189912;0.9244680885845854;0.8973777243602541;0.8973666925594508;0.9435123523490194;0.9058281182015173;0.9089527626578013;0.9853282892982355;0.9452542502416572;0.8973682017238491;0.9654207927189912;0.9422834942662366;0.9125563686974345;0.9852836797948556;0.9035142433864651;0.988025945007063;0.9150386090518798;0.8976351066238131;0.9271190100840336;
69;0.8973752574425603;0.9654207927189912;0.9341033460556984;0.8973777243602541;0.8973666925594508;0.9435123523490194;0.9058281182015173;0.9089527626578013;0.9853282892982355;0.9452542502416572;0.8973682017238491;0.9654207927189912;0.9422834942662366;0.9158897313693174;0.9852836797948556;0.9035142433864651;0.988025945007063;0.9150386090518798;0.8976351066238131;0.9271190100840336;
70;0.8973752574425603;0.9654207927189912;0.9341033460556984;0.8973777243602541;0.8973666925594508;0.9435123523490194;0.9058281182015173;0.9089527626578013;0.9853282892982355;0.9452542502416572;0.8973682017238491;0.9654207927189912;0.9422834942662366;0.9158897313693174;0.9852836797948556;0.9035142433864651;0.988025945007063;0.9150386090518798;0.8976351066238131;0.9271190100840336;
71;0.8973752574425603;0.9654207927189912;0.9341033460556984;0.8973777243602541;0.8973666925594508;0.9435123523490194;0.9058281182015173;0.9089527626578013;0.9853282892982355;0.9452542502416572;0.8973682017238491;0.9654207927189912;0.9422834942662366;0.9158897313693174;0.9852836797948556;0.9035142433864651;0.988025945007063;0.9150386090518798;0.8976351066238131;0.9271190100840336;
72;0.8973752574425603;0.9654207927189912;0.9341033460556984;0.8973777243602541;0.8973666925594508;0.9435123523490194;0.9058281182015173;0.9089527626578013;0.9853282892982355;0.9452542502416572;0.8973682017238491;0.9654207927189912;0.9422834942662366;0.9158897313693174;0.9852836797948556;0.9035142433864651;0.988025945007063;0.9150386090518798;0.8976351066238131;0.9271190100840336;
73;0.8973752574425603;0.9654207927189912;0.9341033460556984;0.8973777243602541;0.8973666925594508;0.9435123523490194;0.9058281182015173;0.9089527626578013;0.9853282892982355;0.9452542502416572;0.8973682017238491;0.9654207927189912;0.9422834942662366;0.9158897313693174;0.9852836797948556;0.9035142433864651;0.988025945007063;0.9150386090518798;0.8976351066238131;0.9271190100840336;
74;0.8973752574425603;0.9654207927189912;0.9364564951724527;0.8973777243602541;0.8973666925594508;0.9435123523490194;0.9058281182015173;0.9089527626578013;0.9853282892982355;0.9452542502416572;0.8973682017238491;0.9654207927189912;0.9422834942662366;0.9158897313693174;0.9852836797948556;0.9035142433864651;0.988025945007063;0.9150386090518798;0.8976351066238131;0.9271190100840336;
75;0.8973752574425603;0.9654207927189912;0.9364564951724527;0.8973777243602541;0.8973666925594508;0.9435123523490194;0.9058281182015173;0.9089527626578013;0.9853282892982355;0.9452542502416572;0.8973682017238491;0.9654207927189912;0.9422834942662366;0.9158897313693174;0.9852836797948556;0.9035142433864651;0.988025945007063;0.9150386090518798;0.8976351066238131;0.9271190100840336;
76;0.8973752574425603;0.9654207927189912;0.9364564951724527;0.8973777243602541;0.8973666925594508;0.9435123523490194;0.9058281182015173;0.9089527626578013;0.9853282892982355;0.9452542502416572;0.8973682017238491;0.9654207927189912;0.9422834942662366;0.9158897313693174;0.9852836797948556;0.9035142433864651;0.988025945007063;0.9150386090518798;0.8976351066238131;0.9271190100840336;
77;0.8973752574425603;0.9654207927189912;0.964401280509823;0.8973777243602541;0.8973666925594508;0.9435123523490194;0.9058281182015173;0.9089527626578013;0.9853282892982355;0.9452542502416572;0.8973682017238491;0.9654207927189912;0.9422834942662366;0.9158897313693174;0.9852836797948556;0.9035142433864651;0.988025945007063;0.9150386090518798;0.8976351066238131;0.9271190100840336;
78;0.8973752574425603;0.9654207927189912;0.964401280509823;0.8973777243602541;0.8973666925594508;0.9435123523490194;0.9058281182015173;0.9089527626578013;0.9853282892982355;0.9452542502416572;0.8973682017238491;0.9654207927189912;0.9422834942662366;0.9158897313693174;0.9852836797948556;0.9035142433864651;0.988025945007063;0.9150386090518798;0.8976351066238131;0.9271190100840336;
79;0.8973752574425603;0.9654207927189912;0.9763582391241276;0.8973777243602541;0.8973666925594508;0.9435123523490194;0.9058281182015173;0.9089527626578013;0.9853282892982355;0.9481642825046632;0.8973682017238491;0.9654207927189912;0.9422834942662366;0.9165556056263261;0.9852836797948556;0.9035142433864651;0.988025945007063;0.9150386090518798;0.8976351066238131;0.9271190100840336;
80;0.8973752574425603;0.9654207927189912;0.9829448391450051;0.8973777243602541;0.8973666925594508;0.9435123523490194;0.9058281182015173;0.9222196869085261;0.9853282892982355;0.9481642825046632;0.8973682017238491;0.9654207927189912;0.9422834942662366;0.9165556056263261;0.9852836797948556;0.9035142433864651;0.988025945007063;0.9190392562240282;0.8976351066238131;0.9271190100840336;
81;0.8973752574425603;0.9654207927189912;0.9829448391450051;0.8973777243602541;0.8973666925594508;0.9435123523490194;0.9058281182015173;0.9222196869085261;0.9853282892982355;0.9481642825046632;0.8973682017238491;0.9654207927189912;0.9422834942662366;0.9224091425689869;0.9852836797948556;0.9035142433864651;0.988025945007063;0.9190392562240282;0.8976351066238131;0.9271190100840336;
82;0.8973752574425603;0.9654207927189912;0.9829448391450051;0.8973777243602541;0.8973666925594508;0.9435123523490194;0.9058281182015173;0.9222196869085261;0.9853282892982355;0.9481642825046632;0.8973682017238491;0.9654207927189912;0.9422834942662366;0.9224091425689869;0.9852836797948556;0.9035142433864651;0.988025945007063;0.9190392562240282;0.8976351066238131;0.9271190100840336;
83;0.8973752574425603;0.9654207927189912;0.9829448391450051;0.8973777243602541;0.8973666925594508;0.9435123523490194;0.9058281182015173;0.9222196869085261;0.9853282892982355;0.9481642825046632;0.8973682017238491;0.9654207927189912;0.9422834942662366;0.9224091425689869;0.9852836797948556;0.9035142433864651;0.988025945007063;0.9190392562240282;0.8976351066238131;0.9271190100840336;
84;0.8973752574425603;0.9654207927189912;0.9829448391450051;0.8973777243602541;0.8973666925594508;0.9435123523490194;0.9058281182015173;0.9222196869085261;0.9853282892982355;0.9481642825046632;0.8973682017238491;0.9654207927189912;0.9422834942662366;0.9224091425689869;0.9852836797948556;0.9035142433864651;0.988025945007063;0.9190392562240282;0.8976351066238131;0.9271190100840336;
85;0.8973752574425603;0.9654207927189912;0.9829448391450051;0.8973777243602541;0.8973666925594508;0.9435123523490194;0.9058281182015173;0.9222196869085261;0.9853282892982355;0.952155014528168;0.8973682017238491;0.9654207927189912;0.9422834942662366;0.9224091425689869;0.9852836797948556;0.9035142433864651;0.988025945007063;0.9190392562240282;0.8976351066238131;0.9271190100840336;
86;0.9230335554954425;0.9654207927189912;0.9829448391450051;0.8973777243602541;0.8973666925594508;0.9435123523490194;0.9058281182015173;0.9222196869085261;0.9853282892982355;0.952155014528168;0.8973682017238491;0.9654207927189912;0.9422834942662366;0.9224091425689869;0.9852836797948556;0.9035142433864651;0.988025945007063;0.9190392562240282;0.8976351066238131;0.9271190100840336;
87;0.9230335554954425;0.9654207927189912;0.9829448391450051;0.8973777243602541;0.8973666925594508;0.9435123523490194;0.9058281182015173;0.9222196869085261;0.9853282892982355;0.9539536705156093;0.8973682017238491;0.9654207927189912;0.9422834942662366;0.9224091425689869;0.9852836797948556;0.9035142433864651;0.988025945007063;0.9190392562240282;0.8976351066238131;0.9271190100840336;
88;0.9230335554954425;0.9654207927189912;0.9829448391450051;0.8973777243602541;0.8973666925594508;0.9435123523490194;0.9058281182015173;0.9222196869085261;0.9853282892982355;0.9539536705156093;0.8973682017238491;0.9654207927189912;0.9422834942662366;0.9224091425689869;0.9852836797948556;0.9035142433864651;0.988025945007063;0.9190392562240282;0.8976351066238131;0.9271190100840336;
89;0.9230335554954425;0.9654207927189912;0.9829448391450051;0.8973777243602541;0.8973666925594508;0.9435123523490194;0.9058281182015173;0.9222196869085261;0.9853282892982355;0.9811410751147965;0.8973682017238491;0.9654207927189912;0.9422834942662366;0.9224091425689869;0.9852836797948556;0.9035142433864651;0.988025945007063;0.9190392562240282;0.8976351066238131;0.9271190100840336;
90;0.9230335554954425;0.9654207927189912;0.9829448391450051;0.8973777243602541;0.8973682958922353;0.9435123523490194;0.9058281182015173;0.9222196869085261;0.9853282892982355;0.9811410751147965;0.8973682017238491;0.9654207927189912;0.9422834942662366;0.9224091425689869;0.9852836797948556;0.9035142433864651;0.988025945007063;0.9190392562240282;0.8976351066238131;0.9271190100840336;
91;0.9230335554954425;0.9654207927189912;0.9829448391450051;0.8973777243602541;0.8973682958922353;0.9435123523490194;0.9058281182015173;0.9222196869085261;0.9853282892982355;0.9811410751147965;0.8973682017238491;0.9654207927189912;0.9422834942662366;0.9224091425689869;0.9852836797948556;0.9035142433864651;0.988025945007063;0.9190392562240282;0.8976351066238131;0.9271190100840336;
92;0.9230335554954425;0.9654207927189912;0.9829448391450051;0.8973777243602541;0.8973682958922353;0.9435123523490194;0.9058281182015173;0.9222196869085261;0.9853282892982355;0.9811410751147965;0.8973682017238491;0.9654207927189912;0.9422834942662366;0.9224091425689869;0.9852836797948556;0.9035142433864651;0.988025945007063;0.9190392562240282;0.8976351066238131;0.9271190100840336;
93;0.9230335554954425;0.9654207927189912;0.9829448391450051;0.8973777243602541;0.8973682958922353;0.9435123523490194;0.9058281182015173;0.9222196869085261;0.9853282892982355;0.9811410751147965;0.8973682017238491;0.9654207927189912;0.9422834942662366;0.9224091425689869;0.9852836797948556;0.9035142433864651;0.988025945007063;0.9190392562240282;0.8976351066238131;0.9271190100840336;
94;0.9230335554954425;0.9654207927189912;0.9829448391450051;0.8973777243602541;0.8973682958922353;0.9435123523490194;0.9058281182015173;0.9222196869085261;0.9853282892982355;0.9811410751147965;0.8973682017238491;0.9654207927189912;0.9422834942662366;0.9224091425689869;0.9852836797948556;0.9035142433864651;0.988025945007063;0.9190392562240282;0.8976351066238131;0.9271190100840336;
95;0.9230335554954425;0.9654207927189912;0.9829448391450051;0.8973777243602541;0.8973682958922353;0.9435123523490194;0.9058281182015173;0.9222196869085261;0.9853282892982355;0.9811410751147965;0.8973682017238491;0.9654207927189912;0.9422834942662366;0.9224091425689869;0.9852836797948556;0.9035142433864651;0.988025945007063;0.9190392562240282;0.8977106280927181;0.9271190100840336;
96;0.924503741583635;0.9654207927189912;0.9840869297160777;0.8973777243602541;0.8973682958922353;0.9435123523490194;0.9058281182015173;0.9222196869085261;0.9853282892982355;0.9811410751147965;0.8973682017238491;0.9654207927189912;0.9422834942662366;0.9224091425689869;0.9852836797948556;0.9035142433864651;0.988025945007063;0.9190392562240282;0.8977106280927181;0.9271190100840336;
97;0.924503741583635;0.9654207927189912;0.9840869297160777;0.8973777243602541;0.8973682958922353;0.9435123523490194;0.9083669078822151;0.9222196869085261;0.9853282892982355;0.9811410751147965;0.8973682017238491;0.9654207927189912;0.9422834942662366;0.9224091425689869;0.9852836797948556;0.9035142433864651;0.988025945007063;0.9190392562240282;0.8977106280927181;0.9271190100840336;
98;0.924503741583635;0.9654207927189912;0.9840869297160777;0.8973777243602541;0.8973682958922353;0.9435123523490194;0.9083669078822151;0.9222196869085261;0.9853282892982355;0.9827455652905792;0.8973747255331601;0.9654207927189912;0.9422834942662366;0.9224091425689869;0.9879819453856127;0.9035142433864651;0.988025945007063;0.9190392562240282;0.8977106280927181;0.9271190100840336;
99;0.924503741583635;0.9654207927189912;0.9840869297160777;0.8973777243602541;0.8973682958922353;0.9435123523490194;0.9083669078822151;0.9222196869085261;0.9853282892982355;0.9827455652905792;0.8973747255331601;0.9654207927189912;0.9422834942662366;0.9224091425689869;0.9879819453856127;0.9035142433864651;0.988025945007063;0.9190392562240282;0.8977106280927181;0.9271190100840336;
