-1.00;0
-0.96;-0.0059006976
-0.92;-0.0217055232
-0.88;-0.0447879168
-0.84;-0.0728039424
-0.80;-0.10368
-0.76;-0.1356005376
-0.72;-0.1669957632
-0.68;-0.1965293568
-0.64;-0.2230861824
-0.60;-0.24576
-0.56;-0.2638411776
-0.52;-0.2768044032
-0.48;-0.2842963968
-0.44;-0.2861236224
-0.40;-0.28224
-0.36;-0.2727346176
-0.32;-0.2578194432
-0.28;-0.2378170368
-0.24;-0.2131482624
-0.20;-0.18432
-0.16;-0.1519128576
-0.12;-0.1165688832
-0.08;-0.0789792768
-0.04;-0.0398721024
0.0;0
0.04;0.0398721024
0.08;0.0789792768
0.12;0.1165688832
0.16;0.1519128576
0.20;0.18432
0.24;0.2131482624
0.28;0.2378170368
0.32;0.2578194432
0.36;0.2727346176
0.40;0.28224
0.44;0.2861236224
0.48;0.2842963968
0.52;0.2768044032
0.56;0.2638411776
0.60;0.24576
0.64;0.2230861824
0.68;0.1965293568
0.72;0.1669957632
0.76;0.1356005376
0.80;0.10368
0.84;0.0728039424
0.88;0.0447879168
0.92;0.0217055232
0.96;0.0059006976
1.0;0
