-1;0
-0.96;0.0056646697
-0.92;0.0199690813
-0.88;0.0394133668
-0.84;0.0611553116
-0.8;0.082944
-0.76;0.1030564086
-0.72;0.1202369495
-0.68;0.1336399626
-0.64;0.1427751567
-0.6;0.147456
-0.56;0.1477510595
-0.52;0.1439382897
-0.48;0.1364622705
-0.44;0.1258943939
-0.4;0.112896
-0.36;0.0981844623
-0.32;0.0825022218
-0.28;0.0665887703
-0.24;0.051155583
-0.2;0.036864
-0.16;0.0243060572
-0.12;0.013988266
-0.08;0.0063183421
-0.04;0.0015948841
0;0
0.04;0.0015948841
0.08;0.0063183421
0.12;0.013988266
0.16;0.0243060572
0.2;0.036864
0.24;0.051155583
0.28;0.0665887703
0.32;0.0825022218
0.36;0.0981844623
0.4;0.112896
0.44;0.1258943939
0.48;0.1364622705
0.52;0.1439382897
0.56;0.1477510595
0.6;0.147456
0.64;0.1427751567
0.68;0.1336399626
0.72;0.1202369495
0.76;0.1030564086
0.8;0.082944
0.84;0.0611553116
0.88;0.0394133668
0.92;0.0199690813
0.96;0.0056646697
1;0
